##HCal mean E from neutron data Gaussian fit
0.00497434
0.019855
0.0259046
0.0236737
0.0402851
0.0453754
0.0543146
0.057644
0.0624166
0.0709135
0.0780633
0.08063
0.0912131
0.0918213
0.102373
0.106677
0.114282
0.117705
0.124599
0.130296
0.134914
0.141314
0.146721
0.154103
0.157856
0.167765
0.17132
0.177896
0.1856
0.18794
0.19483
0.200385
0.209577
0.215768
0.22401
0.229079
0.232447
0.240416
0.249744
0.247649
0.257228
0.265964
0.271511
0.280827
0.288075
0.290707
0.294418
0.303344
0.309557
0.312214
0.321011
0.325397
0.33438
0.340899
0.346011
0.35316
0.351937
0.371418
0.372187
0.376322
0.381253
0.386027
0.394977
0.402045
0.404761
0.414535
0.418287
0.427755
0.441604
0.440121
0.441705
0.452926
0.45568
0.461268
0.47559
0.477102
0.484259
0.489184
0.48893
0.50128
0.5107
0.525185
0.523677
0.529786
0.536221
0.542252
0.551893
0.553089
0.554259
0.564773
0.576846
0.585284
0.588074
0.59432
0.604352
0.607483
0.611916
0.628652
0.630649
0.634905
0.646596
0.647798
0.653382
0.659757
0.66961
0.672726
0.678109
0.687294
0.697064
0.700406
0.7113
0.707389
0.713458
0.731469
0.728354
0.741881
0.749333
0.757638
0.761291
0.776597
0.780569
0.789212
0.792341
0.798148
0.801964
0.803591
0.821342
0.82433
0.822416
0.839118
0.845009
0.852863
0.858217
0.852877
0.878415
0.881528
0.890007
0.889946
0.899775
0.917736
0.904866
0.910056
0.922663
0.930747
0.937229
0.942092
0.95165
0.9559
0.957586
0.968883
