##HCal mean E from proton data Gaussian fit
0.0412459
0.0469218
0.0521073
0.0576519
0.0633995
0.0699593
0.0735603
0.0788174
0.0841689
0.0883868
0.0942436
0.0988367
0.104832
0.110227
0.114576
0.120659
0.125721
0.134148
0.136207
0.136702
0.145822
0.152698
0.154462
0.163117
0.16696
0.166067
0.173738
0.177043
0.184244
0.192193
0.19874
0.202937
0.210526
0.217248
0.223916
0.229939
0.236879
0.242487
0.246534
0.254421
0.254614
0.270472
0.268325
0.277978
0.281922
0.29501
0.296319
0.305773
0.309257
0.314772
0.316158
0.322467
0.327613
0.329909
0.346299
0.348579
0.362531
0.367868
0.363381
0.369603
0.380809
0.388263
0.392401
0.398066
0.404141
0.411462
0.419999
0.426805
0.423327
0.433586
0.444164
0.447503
0.45222
0.458107
0.46401
0.4639
0.482321
0.480519
0.493032
0.499083
0.49867
0.505454
0.509572
0.513015
0.527681
0.529432
0.544956
0.548891
0.547625
0.551919
0.573541
0.567584
0.573739
0.585194
0.588221
0.591478
0.606431
0.615195
0.618971
0.616754
0.626093
0.632693
0.640371
0.649315
0.651734
0.660985
0.668475
0.678249
0.674481
0.686853
0.69195
0.699936
0.706926
0.713189
0.725593
0.728355
0.734424
0.739158
0.744342
0.752424
0.763897
0.766738
0.7694
0.775666
0.776214
0.78867
0.797103
0.810018
0.81749
0.825432
0.816251
0.825388
0.841727
0.842851
0.848736
0.864987
0.867396
0.872802
0.884533
0.887161
0.897044
0.894996
0.905904
0.897754
0.913281
0.928295
0.927554
0.937576
0.945613
0.955146
